28,3
28,2
28,1
28,0
0,384
0,319
0,318
27,4
27,3
27,2
27,1
27,0
0,317
0,316
26,4
26,3
26,2
0,283
0,243
26,1
26,0
25,3
25,2
0,9
25,1
25,0
3,1
3,3
10,140
10,176
10,162
10,90
10,132
10,206
11,9
11,7
11,13
11,8
9,7
8,9
8,16
8,11
8,7
8,14
20,3
19,2
19,1
20,2
20,1
12,3
19,3
12,2
12,1
11,30
11,29
11,28
11,27
11,26
11,25
11,24
11,23
11,22
11,21
11,19
11,16
11,12
11,6
11,3
11,2
11,1
10,317
10,316
10,315
10,314
10,313
10,312
10,311
10,310
10,309
10,308
10,307
10,306
10,305
10,304
10,303
10,302
10,301
10,300
